32 12 132 132 17424
312 213 132 321 42372
312 321 231 321 74151
321 213 23 312 7176
2147483647 213 23 312 7176
2147483647 213 23 312 7176
2147483647 213 23 312 7176
2147483647 213 23 312 7176
2147483647 213 23 312 7176
2147483647 213 23 312 7176
2147483647 213 23 312 7176
2147483647 213 23 312 7176
2147483647 213 23 312 7176
2147483647 213 23 312 7176
2147483647 213 23 312 7176
2147483647 213 23 312 7176
2147483647 213 23 312 7176
2147483647 213 23 312 7176
2147483647 213 23 312 7176
2147483647 213 23 312 7176
2147483647 213 23 312 7176
2147483647 213 23 312 7176
2147483647 213 23 312 7176
2147483647 213 23 312 7176
2147483647 213 23 312 7176
2147483647 213 23 312 7176
2147483647 213 23 312 7176
2147483647 213 23 312 7176
2147483647 213 23 312 7176
2147483647 213 23 312 7176
2147483647 213 23 312 7176
2147483647 213 23 312 7176
2147483647 213 23 312 7176
2147483647 213 23 312 7176
2147483647 213 23 312 7176
2147483647 213 23 312 7176
2147483647 213 23 312 7176
2147483647 213 23 312 7176
2147483647 213 23 312 7176
2147483647 213 23 312 7176
2147483647 213 23 312 7176
2147483647 213 23 312 7176
2147483647 213 23 312 7176
2147483647 213 23 312 7176
2147483647 213 23 312 7176
2147483647 213 23 312 7176
2147483647 213 23 312 7176
2147483647 213 23 312 7176
2147483647 213 23 312 7176
2147483647 213 23 312 7176
2147483647 213 23 312 7176
2147483647 213 23 312 7176
2147483647 213 23 312 7176
2147483647 213 23 312 7176
2147483647 213 23 312 7176
